1740034465845 0.7234401349072512 0
1740034466964 0.7790893760539629 1
1740034468093 0.8145025295109612 2
1740034469255 0.7655986509274874 3
1740034470373 0.8338954468802698 4
1740034471548 0.8659359190556493 5
1740034472713 0.8650927487352446 6
1740034473856 0.866779089376054 7
1740034474986 0.8676222596964587 8
1740034476105 0.8794266441821248 9
1740034477208 0.8735244519392917 10
1740034478327 0.8760539629005059 11
1740034479421 0.8861720067453626 12
1740034480541 0.8895446880269815 13
1740034481661 0.887858347386172 14
