1740034465932 0.536723163841808 0
1740034467056 0.5618729096989966 1
1740034468178 0.6271186440677966 2
1740034469338 0.07947019867549669 3
1740034470469 0.6573913043478261 4
1740034471634 0.6458797327394209 5
1740034472805 0.6521739130434783 6
1740034473943 0.6504424778761062 7
1740034475076 0.7260034904013961 8
1740034476190 0.7346938775510204 9
1740034477297 0.7191011235955056 10
1740034478412 0.6783369803063457 11
1740034479507 0.7408829174664108 12
1740034480626 0.7532956685499058 13
1740034481745 0.7523277467411545 14
