1740034465903 0.662020905923345 0
1740034467025 0.5853658536585366 1
1740034468150 0.6445993031358885 2
1740034469310 0.041811846689895474 3
1740034470437 0.6585365853658537 4
1740034471606 0.5052264808362369 5
1740034472774 0.5226480836236934 6
1740034473915 0.5121951219512195 7
1740034475047 0.7247386759581882 8
1740034476161 0.6898954703832753 9
1740034477267 0.6689895470383276 10
1740034478383 0.5400696864111498 11
1740034479480 0.6724738675958188 12
1740034480597 0.6968641114982579 13
1740034481715 0.7038327526132404 14
