1740034465785 0.551083102722296 0
1740034466906 0.49744623939462956 1
1740034468028 0.4271031677122884 2
1740034469192 0.41772823055718566 3
1740034470308 0.4229434780626489 4
1740034471490 0.3568286932254798 5
1740034472655 0.3429991813414049 6
1740034473798 0.33084042400321706 7
1740034474927 0.29409602909480165 8
1740034476049 0.3301236659488422 9
1740034477147 0.2644059196514571 10
1740034478271 0.23791792441234494 11
1740034479364 0.23076527585719256 12
1740034480482 0.21411545717176175 13
1740034481603 0.20856054694760565 14
